RE,9,1126,202110,都ぞ弥生　てんかん指導料,1,20150101,,,,,,,00899,,,,,,,,,,,,,,,,,,,,,,,ミヤコゾヤヨイテンカンシドウリョウ,
HO,34130021,１９Ｄ０００１,１２３,2,1176,,,,,,,,,
KO,83120071,0000000,,2,1176,400,,,,,
SI,12,2,112007410,,,1,,,,,,,,,,,1,,,,,,,,,,,,,,,,,,,,,,,,,,
SI,,2,112015770,,74,1,,,,,,,,,,,1,,,,,,,,,,,,,,,,,,,,,,,,,,
SI,12,2,112007410,,73,1,,,,,,,,,,,,,1,,,,,,,,,,,,,,,,,,,,,,,,
SI,13,2,113002850,,250,2,,,,,,,,,,,1,,1,,,,,,,,,,,,,,,,,,,,,,,,
SI,13,2,113033370,,,1,,,,,,,,,,,,,1,,,,,,,,,,,,,,,,,,,,,,,,
SI,,2,113003610,,,1,,,,,,,,,,,,,1,,,,,,,,,,,,,,,,,,,,,,,,
SI,,2,113033270,,461,1,,,,,,,,,,,,,1,,,,,,,,,,,,,,,,,,,,,,,,
SI,80,2,120002910,,68,1,,,,,,,,,,,,,1,,,,,,,,,,,,,,,,,,,,,,,,
